0.0 0.0 0.0 0.0
23.0 100.0 47.85193509470325 -0.3465903514340095
32.0 100.0 48.24181513244218 -0.12075179764771445
7.0 100.0 48.71471529920717 -0.32063897518581747
19.0 100.0 53.21534849424442 -0.13635548480728513
20.0 100.0 54.71558049955553 -0.22049802666356258
39.0 100.0 54.962033690064096 -0.3242900420316188
38.0 100.0 55.053313678095485 -0.15589675259079128
40.0 100.0 55.82856610888658 0.005674866487147003
46.0 100.0 55.89336093499987 0.00398304529956198
9.0 100.0 56.330393284151405 -0.09078858392362255
41.0 100.0 56.484101897111614 -0.30537268603736056
10.0 100.0 57.18452102137819 -0.07831686674898077
15.0 100.0 57.502362900409885 -0.14012095828812637
5.0 100.0 57.56419341601481 -0.0557044855101884
42.0 100.0 57.601843288478314 -0.06512095681979685
17.0 100.0 58.07751060065386 -0.1916942370514123
13.0 100.0 58.36297633120681 -0.08695659885457292
1.0 100.0 59.22250236096248 -0.05316204301435602
26.0 100.0 59.523871974986754 -0.04368605355900067
49.0 100.0 60.166898792495594 0.00919193368181675
18.0 100.0 60.79600189283705 0.036186625241314024
29.0 100.0 61.011691261497056 0.03361843118006897
28.0 100.0 61.18299906836866 -0.1267566843278301
35.0 100.0 61.60294537745236 -0.03854106841972054
22.0 100.0 61.7571363843033 0.011879076192592751
4.0 100.0 62.036458373183144 -0.00526582065181992
31.0 100.0 62.20377370317335 0.01190939915824674
48.0 100.0 62.36145137249414 0.11713947329531484
34.0 100.0 62.62866412594613 0.07796495204897134
21.0 100.0 63.9311394709918 0.06814929407813798
45.0 100.0 63.95358357376838 0.028032963252408907
25.0 100.0 64.82669203345178 0.033719350395395406
8.0 100.0 65.33854668616459 0.13785592294814447
3.0 100.0 65.42997081675247 0.12430566463845581
36.0 100.0 66.2813724886793 0.11810109363275
14.0 100.0 66.40388072042427 0.10175083517903795
6.0 100.0 66.75977433963898 0.17033866048006333
43.0 100.0 66.83495915092553 0.07270032928753091
47.0 100.0 66.87338550904232 0.17030338370600487
12.0 100.0 68.25 0.12378123620053087
16.0 100.0 68.47565329618712 0.1477264059044772
44.0 100.0 69.0138027325157 0.22902512211379622
2.0 100.0 69.68199814588876 0.14576263388827004
11.0 100.0 70.16633062579497 0.28430769340633344
30.0 100.0 70.86768220687567 0.22012781098934062
24.0 100.0 71.14349094542267 0.21466944495089785
33.0 100.0 73.11753940721417 0.26838268212114647
37.0 100.0 73.75567402955471 0.20586097653755486
27.0 100.0 76.12806674414657 0.3511644677520464
