45.0 100.0 75.91622891281618 0.3158206796533538
1.0 100.0 71.98405818873687 0.24659365421620424
21.0 100.0 69.80186719889252 0.24590967824524207
14.0 100.0 69.02051209134343 0.20437322977297742
13.0 100.0 66.41478758730453 0.20320250318506075
17.0 100.0 64.14489277517143 0.18515678752637044
31.0 100.0 65.26412642258587 0.13766594370844806
20.0 100.0 61.578188908279294 0.12475248480588734
19.0 100.0 65.68963080858009 0.11331380391394787
29.0 100.0 59.121738670210846 0.11314436808012986
27.0 100.0 63.707586999695664 0.10794232816839971
42.0 100.0 69.76219295500589 0.10149458629487777
2.0 100.0 61.71977737156278 0.09986091293944921
5.0 100.0 63.1788933316484 0.09493722838907444
39.0 100.0 61.21612564588349 0.09294916420592676
43.0 100.0 67.9205343591459 0.0769699755781807
41.0 100.0 61.878729429371546 0.07080163193018855
46.0 100.0 60.84062413308982 0.06775405334916768
25.0 100.0 61.55147040903039 0.0655392461372655
23.0 100.0 61.38557948550102 0.06303114508040555
47.0 100.0 62.81775679986098 0.055179201495922654
38.0 100.0 63.08139534883721 0.03674026138365918
40.0 100.0 61.68870908644987 0.022047125628014398
36.0 100.0 64.23238726344186 0.020569436807557656
8.0 100.0 62.65395574361384 0.0022469570835796275
0.0 0.0 0.0 0.0
48.0 100.0 61.94036145277509 -0.0031830922416740868
32.0 100.0 62.45505783738783 -0.005728775686447436
0.0 100.0 62.76418166325871 -0.019623858496467805
44.0 100.0 60.65593492693411 -0.024443850197491665
30.0 100.0 64.14799261857438 -0.029735930222041004
24.0 100.0 54.170643961354244 -0.032766370401115574
28.0 100.0 59.91166213978438 -0.05293204853612456
18.0 100.0 57.95862625313314 -0.06941088281495343
34.0 100.0 59.38891213496299 -0.0732630932070306
33.0 100.0 60.645322923891456 -0.07395897202445198
35.0 100.0 56.26414743605386 -0.07974302706152406
4.0 100.0 54.414405737567975 -0.09745048947554669
10.0 100.0 56.766381444919666 -0.10471345342974678
16.0 100.0 54.25248369284916 -0.10585542873318547
3.0 100.0 56.805009232639556 -0.11673781566579164
26.0 100.0 55.53135431710952 -0.11954277469645204
15.0 100.0 59.06864603411274 -0.12058235055978951
11.0 100.0 51.02322802451462 -0.16760436701984346
37.0 100.0 55.50623670814346 -0.17807757794626725
22.0 100.0 58.71630888535761 -0.2106825894558426
9.0 100.0 46.81085297439989 -0.26078783166731007
12.0 100.0 51.56671717340119 -0.27193931235482033
6.0 100.0 52.32213124327005 -0.30514037095817054
7.0 100.0 57.719358182402914 -0.3656879473129134
